tree
version=v4
num_class=1
num_tree_per_iteration=1
label_index=0
max_feature_idx=54
objective=regression
feature_names=day_of_week day_of_month day_of_year week_of_year month quarter year is_weekend is_month_start is_month_end month_sin month_cos dow_sin dow_cos doy_sin doy_cos is_wet_season is_christmas_season days_since_start price_lag_1d price_lag_2d price_lag_3d price_lag_7d price_lag_14d price_lag_30d price_rolling_mean_3d price_rolling_std_3d price_rolling_min_3d price_rolling_max_3d price_rolling_mean_7d price_rolling_std_7d price_rolling_min_7d price_rolling_max_7d price_rolling_mean_14d price_rolling_std_14d price_rolling_min_14d price_rolling_max_14d price_rolling_mean_30d price_rolling_std_30d price_rolling_min_30d price_rolling_max_30d price_volatility_14d price_pct_change_1d price_lag_8d price_pct_change_7d price_expanding_mean price_deviation_from_mean price_rsi_14d price_macd price_macd_signal product_category_encoded product_name_encoded product_variant_encoded origin_encoded lstm_prediction
feature_infos=[0:6] [1:31] [1:365] [1:52] [1:12] [1:4] [2025:2026] [0:1] [0:1] [0:1] [-1:0.49999999999999994] [-1:1] [-0.97492791218182362:0.97492791218182362] [-0.90096886790241903:1] [-0.99999073973619013:0.50867094385210443] [-0.99996295911626554:1] [0:1] [0:1] [59:275] [6.1299999999999999:753.08000000000004] [6.1299999999999999:753.08000000000004] [6.1299999999999999:753.08000000000004] [6.0800000000000001:753.08000000000004] [6.0800000000000001:753.08000000000004] [5.7699999999999996:753.08000000000004] [6.1766666666666667:742.19999999999993] [0:171.24815366401273] [6.1299999999999999:730.26999999999998] [6.2300000000000004:753.08000000000004] [6.1571428571428575:724.43571428571431] [0:167.93132628434478] [6.0800000000000001:696.85000000000002] [6.2300000000000004:753.08000000000004] [6.1507142857142858:691.56785714285718] [0:160.01980650758591] [6.0800000000000001:631.10000000000002] [6.2300000000000004:753.08000000000004] [6.085:635.30466666666678] [0:149.99242623369773] [5.7699999999999996:563.14999999999998] [6.2300000000000004:753.08000000000004] [0:0.43996373656250565] [-0.31817747939800828:0.71533191589888989] [6.0800000000000001:753.08000000000004] [-0.42990044067243344:1.4106897388210557] [6.0408474576271187:470.00536496350367] [-0.51718241137706955:1.8925836127463125] [0:99.999994906498117] [-82.737150602180407:79.523493929364804] [-67.129492701896609:68.066775404362431] -1:8:5:6:2:3:4:0:1:7 -1:38:15:35:25:8:3:46:5:4:30:17:22:14:18:20:26:16:36:52:39:51:37:19:1:2:6:7:10:11:13:21:23:33:47:48:27:28:34:43:45:9:12:31:32:50:42:44:41 -1:44:45:38:34:47:0:1:48:4:8:11:18:19:20:22:36:39:49:52:54:57:3:35:40:42:50:53:55:5:9:29:30:41:51:28:37:46:58:10:31:16:15:7:32:43:60:27:25:26:33:6:17:23:24 -1:1:0 [6.1297383904457092:756.8609273338318]
tree_sizes=5652 5641 5620 5664 5656 5605

Tree=0
num_leaves=63
num_cat=3
split_feature=46 51 51 25 37 46 37 0 29 44 44 2 0 34 48 44 0 47 1 48 0 36 0 12 13 7 12 7 7 9 44 44 7 13 47 13 4 44 44 12 13 39 44 16 51 26 48 44 39 3 48 47 45 3 22 44 1 16 14 3 16 12
split_gain=2056.03 1541.45 968.256 1395.27 2790.24 1997.32 5979.76 6106.75 4457.42 4134.17 1351.94 1226.64 2380.64 1131.31 1552.22 3636.74 1012.83 1159.7 1235.77 968.459 898.895 818.419 1313.02 655.174 590.392 793.877 467.642 970.847 365.992 250.955 229.435 598.18 306.429 224.604 204.198 203.169 256.934 171.028 166.81 842.362 164.266 160.933 149.554 142.127 140.417 533.151 206.463 207.184 192.757 518.687 325.39 175.981 145.519 136.866 107.357 106.094 103.425 100.781 92.264 90.8614 233.541 92.8499
threshold=-0.026720627584479923 0 1 475.8683333333334 354.68133333333338 0.17846850173240564 292.39916666666676 2.5000000000000004 156.06428571428575 0.01845960015630092 -0.080359313344012848 331.50000000000006 1.5000000000000002 13.326211271011386 -1.0180588943786544 0.061139538217450475 1.0000000180025095e-35 60.867705367957619 16.500000000000004 0.0051987590244140245 3.5000000000000004 218.93000000000004 1.0000000180025095e-35 -1.0000000180025095e-35 -0.22252093395631442 1.0000000180025095e-35 1.0000000180025095e-35 1.0000000180025095e-35 1.0000000180025095e-35 1.0000000180025095e-35 -0.010306139202342456 0.043977149916377613 1.0000000180025095e-35 -0.56174490092936669 71.889117190540503 -0.22252093395631442 7.5000000000000009 -0.007288293508574158 -0.012665519454004483 1.0000000180025095e-35 -0.56174490092936669 151.84500000000003 0.03605799237656792 1.0000000180025095e-35 2 1.4030918179484027 -0.30948462480186828 -0.012278314035050992 101.72500000000001 47.500000000000007 -3.0519245965682766 53.206157349873955 165.69021349413302 48.500000000000007 239.23500000000004 -0.0034123669945793182 13.500000000000002 1.0000000180025095e-35 -0.44437406304545285 39.500000000000007 1.0000000180025095e-35 0.6078576107927941
decision_type=2 9 9 2 2 2 2 2 2 2 2 2 2 2 2 2 2 2 2 2 2 2 2 2 2 2 2 2 2 2 2 2 2 2 2 2 2 2 2 2 2 2 2 2 9 2 2 2 2 2 2 2 2 2 2 2 2 2 2 2 2 2
left_child=1 21 16 5 -5 13 7 8 -7 58 20 12 -6 44 28 -16 17 57 -19 24 -8 33 -23 -13 54 -26 27 -12 43 35 -21 53 59 37 -3 36 -9 -1 -14 -40 -24 -36 -28 -15 46 -46 47 -4 -47 50 -50 -52 -51 -32 -18 -38 -53 -2 -10 -33 -61 -62
right_child=2 34 3 4 11 6 10 29 9 -11 26 23 38 14 15 -17 19 18 -20 30 -22 22 40 -25 25 -27 42 -29 -30 -31 31 32 -34 -35 41 -37 55 -39 39 -41 -42 -43 -44 -45 45 48 -48 -49 49 52 51 56 -54 -55 -56 -57 -58 -59 -60 60 61 -63
leaf_value=-0.084803979946487584 -0.043686798722193901 -0.072330497051601161 -0.040924255133616458 -0.20212000859161081 -0.16613194823401981 -0.046517005797268127 -0.16972103739608499 -0.07980717235571716 -0.02827805793059264 0.069456150786875392 -0.13260635883073321 -0.082771372307514385 -0.093079336683007011 -0.072920855441940699 -0.079431672111897472 -0.23649030810146057 -0.065781756217024728 -0.050642185843416704 0.037140968972035698 -0.080141446930304089 -0.090550791410262621 -0.16079943262135155 -0.10895406390169415 -0.022535726817363842 -0.014390514133192762 -0.065373840495381322 -0.075084513650621798 -0.066952122979183334 -0.048337096326327308 -0.098177789070463345 -0.074674040360710153 -0.05320134698419586 -0.072745668646872694 -0.0766923899420138 -0.076626979682063348 -0.076439195225866799 -0.067525013943109613 -0.11188553813297886 -0.092543556464727214 -0.016333243647800928 -0.089283079200007456 -0.11384807957116652 -0.04596896441700786 -0.096883569578833734 -0.068639977880035993 -0.072011357721688818 -0.067577410429189466 -0.063224936162393164 -0.04320796391847552 -0.092203102206405152 -0.070131838500099963 -0.083259144687881717 -0.12440531358210971 -0.099959142970655279 -0.04237949125494414 -0.050615841567884054 -0.1086781677027974 -0.067265227787533938 -0.055291966593819901 -0.065652127680610309 -0.039126155305879859 -0.0098088500254901387
leaf_weight=67 28 1922 56 21 38 132 36 47 33 103 43 32 24 55 44 22 104 29 36 139 24 37 64 41 91 46 50 47 41 21 188 101 65 241 26 83 47 36 36 24 129 21 27 45 3691 118 2770 162 23 23 50 35 38 24 24 178 30 51 21 21 24 21
leaf_count=67 28 1922 56 21 38 132 36 47 33 103 43 32 24 55 44 22 104 29 36 139 24 37 64 41 91 46 50 47 41 21 188 101 65 241 26 83 47 36 36 24 129 21 27 45 3691 118 2770 162 23 23 50 35 38 24 24 178 30 51 21 21 24 21
internal_value=-0.0691426 -0.0771105 -0.0669644 -0.0680881 -0.0931581 -0.0674172 -0.0533037 -0.038178 -0.00362968 0.0323506 -0.0976009 -0.0812969 -0.10068 -0.0691653 -0.0921935 -0.132139 -0.0576786 -0.0330597 -0.00183924 -0.061732 -0.138238 -0.0913798 -0.106365 -0.0489123 -0.0458889 -0.0314749 -0.0829327 -0.0983859 -0.0734292 -0.0647544 -0.0689398 -0.0654284 -0.0543381 -0.081989 -0.0728172 -0.0627606 -0.0585825 -0.0943387 -0.070905 -0.0619935 -0.0958431 -0.0933872 -0.064848 -0.0837429 -0.0684834 -0.0697076 -0.066847 -0.0574734 -0.0821501 -0.0881506 -0.0773868 -0.0842601 -0.112387 -0.0775652 -0.061355 -0.0541412 -0.0950839 -0.0588588 -0.0386843 -0.0471747 -0.0380357 -0.0252317
internal_weight=11846 2543 9303 8311 216 8095 892 665 289 157 227 195 122 7203 207 66 992 144 65 848 60 574 230 73 265 137 167 90 141 376 583 444 232 344 1969 355 272 103 84 60 193 47 77 100 6996 4008 2988 218 317 199 138 115 61 212 128 225 65 79 54 167 66 45
internal_count=11846 2543 9303 8311 216 8095 892 665 289 157 227 195 122 7203 207 66 992 144 65 848 60 574 230 73 265 137 167 90 141 376 583 444 232 344 1969 355 272 103 84 60 193 47 77 100 6996 4008 2988 218 317 199 138 115 61 212 128 225 65 79 54 167 66 45
cat_boundaries=0 2 4 6
cat_threshold=37816422 36 274730436 73734 176312336 561864
is_linear=0
shrinkage=1


Tree=1
num_leaves=63
num_cat=2
split_feature=46 51 0 44 35 34 42 2 38 33 16 49 37 37 26 18 16 41 30 7 2 44 42 44 11 1 42 7 26 13 16 51 42 1 1 3 1 12 30 3 36 16 22 1 16 11 7 44 18 16 11 16 2 44 49 7 49 49 49 1 4 20
split_gain=1978.82 1851.09 1445.09 1894.83 5683.75 4613.09 1965.05 3206.97 1550.74 883.368 871.703 712.11 713.869 1402.22 551.177 489.893 521.487 1052.31 457.046 529.645 844.749 867.105 949.984 565.819 417.034 384.541 340.841 528.717 706.66 641.758 288.938 250.599 217.273 209.111 751.075 198.027 258.013 200.957 178.629 173.644 170.357 164.413 149.005 303.662 148.054 137.651 132.465 125.758 110.493 102.504 1062.63 95.5937 88.1523 153.113 268.371 145.956 226.093 115.638 115.379 77.6512 110.535 77.4054
threshold=-0.0071721611988171344 0 2.5000000000000004 -0.03371422690862675 391.22000000000008 11.180607704859959 -0.0011898670855285903 208.50000000000003 2.9134805681620439 204.13142857142859 1.0000000180025095e-35 0.16542423210849103 181.86533333333333 343.98000000000008 1.997631931397029 77.500000000000014 1.0000000180025095e-35 0.022957126756934194 13.319568120587348 1.0000000180025095e-35 218.50000000000003 -0.0032427425109222215 0.034500911535658825 -0.019635152695266351 0.86602540378443871 23.500000000000004 -0.001579924053430411 1.0000000180025095e-35 1.7596684963568665 0.62348980185873359 1.0000000180025095e-35 1 0.052076759728259849 19.500000000000004 23.500000000000004 33.500000000000007 17.500000000000004 0.6078576107927941 9.5762104060347735 36.500000000000007 142.38500000000002 1.0000000180025095e-35 342.52500000000003 21.500000000000004 1.0000000180025095e-35 0.6830127018922193 1.0000000180025095e-35 0.064088426858770406 91.500000000000014 1.0000000180025095e-35 1.0000000180025095e-35 1.0000000180025095e-35 250.50000000000003 0.00537028791456611 4.8297980662168003 1.0000000180025095e-35 4.0853482084836736 -0.086111600066565389 -0.10571886951194376 9.5000000000000018 7.5000000000000009 160.35000000000002
decision_type=2 9 2 2 2 2 2 2 2 2 2 2 2 2 2 2 2 2 2 2 2 2 2 2 2 2 2 2 2 2 2 9 2 2 2 2 2 2 2 2 2 2 2 2 2 2 2 2 2 2 2 2 2 2 2 2 2 2 2 2 2 2
left_child=1 9 3 4 11 8 25 -8 42 35 -9 24 51 -14 -4 61 33 45 40 20 47 -22 30 41 49 -7 59 28 -28 -30 -23 38 -33 39 -35 36 -1 46 -3 -17 48 -21 -5 -44 -25 -18 -37 -20 -16 -2 -51 -13 53 54 58 56 -54 -57 -42 -11 -61 -10
right_child=2 31 14 5 -6 6 7 10 15 26 -12 12 13 -15 18 16 17 -19 19 23 21 22 -24 44 -26 -27 27 -29 29 -31 -32 32 -34 34 -36 37 -38 -39 -40 -41 52 -43 43 -45 -46 -47 -48 -49 -50 50 -52 -53 55 -55 -56 57 -58 -59 -60 60 -62 -63
leaf_value=-0.031800083587954872 0.024020095371510376 -0.011321564797114426 0.00099502433079278851 0.0016689319843669879 -0.15457657886121204 -0.032694789880477158 -0.028005609812892296 0.10915424286689464 0.0088603401891126921 -0.012305886149406435 0.062493269375121549 0.015670987569134341 0.0043495993377172457 -0.087693831069128855 -0.0076287759408625137 0.020594075552674129 0.019433205686752962 0.051577697144984683 -0.041235198032211616 0.039316906096371076 -0.047241857010507725 -0.047049908739215926 0.054181892095024095 0.00053327891822547134 0.056171320629595164 0.021646160390997725 -0.028897902045932691 -0.01565843599705169 -0.057721624638477007 -0.13196928584339596 0.00024632743627102258 -0.002242630493710028 -0.027227865294130012 0.061203886746382601 0.0015084113542368444 -0.02097052415188785 -0.002724997741923787 0.013467378580318006 -0.040031928511066288 -0.0034647352459752775 0.033657334044779823 0.0063257474464606181 0.0021638478631479455 0.034745487149195717 -0.026420724654441858 -0.0027205318053550431 0.0016920921523813847 -0.072746841115169006 0.012425407511341481 0.053640631306363221 -0.042104865190408687 -0.0053435586722322412 -0.0064497843889270243 -0.0081705957679452743 -0.015021556209546425 -0.019930185362543557 -0.034348250558694539 0.0024295920272284057 0.0085699621018066833 -0.019097605222026717 -0.043245726728013578 -0.010060683600140806
leaf_weight=84 24 128 3578 2128 27 28 35 56 39 30 146 35 34 32 37 45 106 148 22 26 49 21 27 29 23 24 34 31 29 20 33 3148 35 34 55 64 48 44 26 89 29 36 89 42 68 38 43 34 105 20 27 56 76 134 36 29 47 111 50 38 39 48
leaf_count=84 24 128 3578 2128 27 28 35 56 39 30 146 35 34 32 37 45 106 148 22 26 49 21 27 29 23 24 34 31 29 20 33 3148 35 34 55 64 48 44 26 89 29 36 89 42 68 38 43 34 105 20 27 56 76 134 36 29 47 111 50 38 39 48
internal_value=7.20251e-06 -0.0058929 0.00283836 0.00774767 -0.0172696 0.00995666 0.0480188 0.0602242 0.0061086 -0.0235606 0.0755266 -0.00238625 -0.0154146 -0.0404001 -0.000838599 0.0203675 0.024074 0.0328669 -0.00740525 -0.0167147 -0.0281616 -0.014127 0.00596635 -0.0033023 0.0193551 -0.00761793 -0.0390032 -0.0510473 -0.0641894 -0.0884502 -0.0182432 -0.00314305 -0.00251133 0.0125391 0.0244051 -0.0123124 -0.0212512 -0.00447719 -0.01523 0.00462964 -0.00248992 0.0202507 0.00230705 0.0126507 -0.0183727 0.0135879 -0.0118723 -0.060567 0.00719313 0.0072974 -0.00129686 0.00275012 -0.00517819 -0.000909984 0.00754536 -0.00921353 -0.0171527 -0.00222033 0.0178473 -0.0260951 -0.0314153 -0.00157224
internal_weight=11846 3841 8005 3428 278 3150 289 237 2861 504 202 251 157 66 4577 602 515 292 999 345 186 130 81 159 94 52 221 114 83 49 54 3337 3183 223 89 283 132 151 154 134 654 62 2259 131 97 144 107 56 142 71 47 91 512 249 115 263 123 140 79 107 77 87
internal_count=11846 3841 8005 3428 278 3150 289 237 2861 504 202 251 157 66 4577 602 515 292 999 345 186 130 81 159 94 52 221 114 83 49 54 3337 3183 223 89 283 132 151 154 134 654 62 2259 131 97 144 107 56 142 71 47 91 512 249 115 263 123 140 79 107 77 87
cat_boundaries=0 2 4
cat_threshold=37814310 1024 2112 32
is_linear=0
shrinkage=0.01


Tree=2
num_leaves=63
num_cat=4
split_feature=46 28 51 34 13 0 44 48 17 17 11 32 13 44 51 18 16 12 34 1 51 36 12 0 13 16 0 17 0 22 28 41 2 10 50 30 16 44 17 17 2 26 13 11 48 12 1 12 44 47 32 0 3 25 18 1 44 15 1 12 47 3
split_gain=1809.45 2000.32 1719.93 1678.81 1664.42 2879.67 3878.11 4715.76 4155.18 3678.1 1455.77 1104.08 742.299 703.936 584.303 579.464 607.354 460.74 384.21 650.705 378.368 352.593 327.903 329.493 348.936 314.009 274.253 254.867 254.035 1015.59 5162.28 1484.06 762.139 458.69 332.808 254.337 296.946 302.539 465.157 244.683 453.453 347.885 262.261 280.154 229.858 216.034 212.336 239.436 195.965 193.969 193.711 192.093 183.612 171.506 165.697 253.752 162.51 157.79 169.428 154.371 134.447 179.857
threshold=0.013296933025640102 493.8250000000001 0 3.0503251450922217 1.0000000180025095e-35 2.5000000000000004 0.073857229612968103 -0.14323284097177333 1.0000000180025095e-35 1.0000000180025095e-35 0.86602540378443871 206.09500000000003 -0.56174490092936669 -0.0048309249208336978 1 89.500000000000014 1.0000000180025095e-35 -0.8783796973249266 2.4083830000033521 17.500000000000004 2 202.84500000000003 0.6078576107927941 1.5000000000000002 -1.0000000180025095e-35 1.0000000180025095e-35 3.5000000000000004 1.0000000180025095e-35 3.5000000000000004 290.09500000000008 259.67000000000002 0.014815292637101197 273.50000000000006 -0.5 3 6.7966211727689716 1.0000000180025095e-35 0.022000100918357027 1.0000000180025095e-35 1.0000000180025095e-35 326.50000000000006 2.204147235021968 1.0000000180025095e-35 -0.68301270189221952 1.3942545552518129 -0.8783796973249266 17.500000000000004 -1.0000000180025095e-35 0.0010444671010419601 60.867705367957619 201.97500000000002 1.5000000000000002 39.500000000000007 108.06500000000001 135.50000000000003 14.500000000000002 0.0049064943925417178 -0.83352489619613912 20.500000000000004 -0.60785761079279388 56.516307175716172 45.500000000000007
decision_type=2 2 9 2 2 2 2 2 2 2 2 2 2 2 9 2 2 2 2 2 9 2 2 2 2 2 2 2 2 2 2 2 2 2 1 2 2 2 2 2 2 2 2 2 2 2 2 2 2 2 2 2 2 2 2 2 2 2 2 2 2 2
left_child=3 2 4 20 13 6 7 8 -6 -8 12 57 -3 17 22 59 60 44 -9 -20 53 -19 23 -13 27 26 52 -25 29 30 34 -31 33 -33 39 -30 -37 -38 -39 42 41 -41 50 -44 -2 -18 47 -23 -7 54 -4 -24 -16 -1 -27 -56 -21 58 -5 -15 -17 -62
right_child=1 10 28 11 5 48 9 18 -10 -11 -12 14 -14 15 25 16 45 21 19 56 -22 46 51 24 -26 49 -28 -29 35 31 -32 32 -34 -35 -36 36 37 38 -40 40 -42 -43 43 -45 -46 -47 -48 -49 -50 -51 -52 -53 -54 -55 55 -57 -58 -59 -60 -61 61 -63
leaf_value=-0.0056903422714989164 0.041596351448480083 -0.011454246093418972 0.0012760589745999171 -0.025103146965205304 0.04351740315853362 0.011010957403393315 0.050914262696508297 0.025067799056271961 0.20818532244042234 0.18359477224421095 0.015220768986535925 -0.068251182992122503 -0.077359459488977531 0.013690745807526746 -0.054519647752696805 0.011957229390097536 0.011289493039480805 0.0064814809478681394 -0.028807854754445344 -0.0034199323156126988 -0.00027793259932015892 -0.010902082981928341 -0.033893444959795904 -0.035352065574882151 -0.0095356794290673685 -0.0076684380644471964 -0.0081413488339380433 -0.069100228481185744 0.00079131843452583941 0.011006111829580429 0.12528045637841792 -0.091247804180169714 -0.015125532354131067 -0.035055425149117803 0.0016144905441539343 0.0057992571419722173 -0.0017985005284814784 -0.0076830268810902319 -0.056220377111686988 0.019499895236833747 0.0086014649274365335 0.06089585404657856 0.028255980795230992 0.0035575899169764968 -0.0050790362930533909 0.033575442647153786 -0.010889291083913739 -0.052070430518882306 -0.011781327621976555 -0.026743909012764057 -0.03008807529435233 -0.0021118782491896162 -0.017929058501432685 -0.031381393997029605 -0.0014056214453450528 0.043573934952221303 0.032521898150444033 -0.0049352329441182145 0.0014164038211630101 -0.013713992912313433 0.011416813763412271 -0.024749084027144458
leaf_weight=46 22 24 174 82 50 58 52 39 22 35 39 40 60 27 35 45 58 43 78 22 5220 21 38 84 38 71 50 31 1404 115 36 31 65 28 1228 68 55 39 40 47 155 36 81 106 20 178 47 44 107 28 22 38 23 60 33 20 29 883 34 84 22 36
leaf_count=46 22 24 174 82 50 58 52 39 22 35 39 40 60 27 35 45 58 43 78 22 5220 21 38 84 38 71 50 31 1404 115 36 31 65 28 1228 68 55 39 40 47 155 36 81 106 20 178 47 44 107 28 22 38 23 60 33 20 29 883 34 84 22 36
internal_value=7.05788e-06 0.00458655 0.00559333 -0.0033283 0.0162897 0.0302916 0.0474684 0.0266877 0.0942768 0.104596 -0.0352076 -0.0125675 -0.0586073 0.00588705 -0.0242466 0.0127874 0.0192783 -0.00986952 -0.00235374 -0.0106738 -0.000677161 -0.0178293 -0.03445 -0.0426606 -0.0358866 -0.0118889 -0.0253673 -0.0445579 0.00227646 0.00455171 0.00701439 -0.014859 -0.0388299 -0.0647972 0.00469818 -0.000718362 -0.0112043 -0.0198324 -0.0323451 0.0105962 0.018727 0.037564 0.00581168 0.0142773 0.0194394 0.0281147 -0.0271623 -0.0388518 -0.00376284 -0.00306928 -0.00226894 -0.0180565 -0.0401297 -0.0185246 0.00230704 0.0156584 0.017055 -0.00637894 -0.0173368 -0.00703084 -0.000978651 -0.0110303
internal_weight=11846 4992 4869 6854 1139 492 327 240 72 87 123 1528 84 647 529 450 339 197 168 129 5326 155 269 193 153 260 108 115 3730 2124 1885 239 124 59 1849 1606 202 134 79 621 238 83 383 187 42 236 112 65 165 152 196 76 58 106 124 53 51 999 116 111 103 58
internal_count=11846 4992 4869 6854 1139 492 327 240 72 87 123 1528 84 647 529 450 339 197 168 129 5326 155 269 193 153 260 108 115 3730 2124 1885 239 124 59 1849 1606 202 134 79 621 238 83 383 187 42 236 112 65 165 152 196 76 58 106 124 53 51 999 116 111 103 58
cat_boundaries=0 2 3 5 6
cat_threshold=146869732 69806 37814306 33562784 8224 259
is_linear=0
shrinkage=0.01


Tree=3
num_leaves=63
num_cat=3
split_feature=46 51 21 49 0 46 42 52 0 2 42 26 26 1 25 48 47 1 7 16 2 12 0 13 49 24 49 16 9 1 14 17 12 1 1 0 13 12 26 16 47 18 12 47 48 0 18 10 52 48 22 48 38 42 0 1 16 42 13 7 12 13
split_gain=1898.24 1468 1313.64 2891.53 4840.28 2161.12 2127.66 1894.19 6149.22 2249.88 4210.33 1501.2 1122.18 1411.82 1092.06 952.422 944.699 893.665 1046.66 1211.94 551.085 517.68 504.231 574.265 397.291 580.526 390.031 191.693 190.693 189.815 258.026 188.528 185.781 182.328 176.088 169.339 144.117 165.845 305.048 140.598 139.25 135.553 285.204 135.085 133.971 289.295 133.816 128.892 128.157 144.086 125.79 622.506 403.971 113.291 111.301 109.599 105.763 101.012 100.203 94.4185 118.393 82.1247
threshold=-0.020604963557691838 0 372.26000000000005 4.3150781331423635 1.0000000180025095e-35 0.042380412809682022 0.00013341388063250692 1 2.5000000000000004 201.50000000000003 -0.0067985521016728327 0.8717989064763455 2.0582476356466501 28.500000000000004 214.00500000000002 1.3942545552518129 27.434912159117548 26.500000000000004 1.0000000180025095e-35 1.0000000180025095e-35 311.50000000000006 1.0000000180025095e-35 1.5000000000000002 0.62348980185873359 3.85691012170158 199.00000000000003 0.21346194553188494 1.0000000180025095e-35 1.0000000180025095e-35 22.500000000000004 -0.9549579116111756 1.0000000180025095e-35 -1.0000000180025095e-35 14.500000000000002 22.500000000000004 1.0000000180025095e-35 1.0000000180025095e-35 1.0000000180025095e-35 0.93762110177867519 1.0000000180025095e-35 78.654218477522889 86.500000000000014 1.0000000180025095e-35 61.711663162551787 12.298153747140015 3.5000000000000004 258.50000000000006 -0.93301270189221908 2 1.5824912130806157 256.23250000000002 -1.6919029478599581 29.240555671584424 0.00065689739568520523 2.5000000000000004 8.5000000000000018 1.0000000180025095e-35 -0.015389357829424332 1.0000000180025095e-35 1.0000000180025095e-35 -1.0000000180025095e-35 1.0000000180025095e-35
decision_type=2 9 2 2 2 2 2 9 2 2 2 2 2 2 2 2 2 2 2 2 2 2 2 2 2 2 2 2 2 2 2 2 2 2 2 2 2 2 2 2 2 2 2 2 2 2 2 2 9 2 2 2 2 2 2 2 2 2 2 2 2 2
left_child=1 14 5 16 -5 15 17 8 9 24 61 20 -13 33 29 50 -4 18 19 -6 -12 31 23 -16 25 40 -10 35 41 30 53 -8 -17 -14 -35 -18 47 -38 -39 -34 -7 42 -28 -22 -9 -46 57 -29 49 -3 -2 52 -52 -1 -37 -43 -23 58 -32 60 -56 -11
right_child=2 48 3 4 6 7 21 44 26 10 11 12 13 -15 22 32 27 -19 -20 -21 43 56 -24 -25 -26 -27 28 36 -30 -31 46 -33 39 34 -36 54 37 38 -40 -41 -42 55 -44 -45 45 -47 -48 -49 -50 -51 51 -53 -54 -55 59 -57 -58 -59 -60 -61 -62 -63
leaf_value=0.012836380611386216 0.00081164557166788995 -0.0045926074206054344 0.054955203376100423 -0.13446701953422677 -0.11903315023230954 0.017245076821518563 0.0053583897721971039 0.0024676563922145247 0.014830840268472503 -0.030261208560656418 0.073897853995126384 0.042018335261243767 0.093219649270304128 0.041764256826083583 -0.036329377890917766 -0.014021531319046772 -0.027925333736105732 0.0077778203640106727 -0.015149841788583076 -0.041372605237577638 0.0015480570648522939 0.016238783170015387 -0.032298563915104585 -0.10815406216694427 -0.015565637589092431 0.060434742758379255 -0.001398719229359407 -0.020711227576522266 -0.025440405263835866 -0.0028803180720623038 -0.023507996125156014 -0.031592553123092851 -0.062626385574914373 0.13196093025861436 0.10193777607167621 0.008634168411542088 0.0049438316221939709 -0.0014761315332725644 0.046173595700945168 -0.030220685768925955 -0.011196552720581385 0.0086384319586002012 -0.035258220743324437 0.03080252078503214 0.039331559866462674 -0.0099377740786807372 -0.0026411164834952124 0.0027224533669389438 -0.00021449927484115338 -0.022369640578389544 -0.068384461848585459 0.0014964731930965738 -0.014819592402069544 -0.012903045883827043 -0.029473110562005238 -0.00268440853198173 0.041158550729861063 -0.029396817807892175 0.002995173009406138 0.00048388618409532952 -0.0008141000367871289 -0.0067330309612150408
leaf_weight=34 4918 1369 34 41 36 44 32 1434 145 35 25 57 73 44 23 41 32 28 44 46 27 31 117 22 42 27 85 27 37 131 40 24 21 41 50 56 107 23 32 39 28 123 35 38 29 20 31 171 847 47 22 235 39 34 34 279 39 149 22 59 25 26
leaf_count=34 4918 1369 34 41 36 44 32 1434 145 35 25 57 73 44 23 41 32 28 44 46 27 31 117 22 42 27 85 27 37 131 40 24 21 41 50 56 107 23 32 39 28 123 35 38 29 20 31 171 847 47 22 235 39 34 34 279 39 149 22 59 25 26
internal_value=7.01583e-06 -0.00707846 0.00226853 -0.00904392 -0.0332587 0.0035616 -0.0183517 0.0107683 0.0197161 0.0446922 0.0563889 0.0695711 0.081558 0.0923402 -0.020807 -0.000159218 0.0039169 -0.0432633 -0.0546041 -0.0756802 0.0341684 0.0121122 -0.0433431 -0.0717779 0.0101483 0.0210717 0.000227297 0.000831783 -0.0035638 -0.012983 -0.017246 -0.0105249 -0.0305436 0.105839 0.11573 -0.00685647 0.00523393 0.0122227 0.0263051 -0.0417414 0.00617714 -0.00200305 -0.0113208 0.0187004 0.00300486 0.0192528 -0.0220786 -0.000488201 -0.00331203 -0.00514973 0.00043041 -0.00589835 -0.0343066 -2.6099e-05 -0.00295126 0.000781372 0.0302075 -0.0249268 -0.0141162 -0.00845896 -0.0173817 -0.0202958
internal_weight=11846 2866 8980 921 321 8059 280 2744 1261 557 416 355 265 208 603 5315 600 154 126 82 90 126 162 45 141 99 704 566 559 441 310 56 101 164 91 206 360 162 55 60 72 522 120 65 1483 49 242 198 2263 1416 5214 296 61 68 174 402 70 211 62 118 59 61
internal_count=11846 2866 8980 921 321 8059 280 2744 1261 557 416 355 265 208 603 5315 600 154 126 82 90 126 162 45 141 99 704 566 559 441 310 56 101 164 91 206 360 162 55 60 72 522 120 65 1483 49 242 198 2263 1416 5214 296 61 68 174 402 70 211 62 118 59 61
cat_boundaries=0 2 4 6
cat_threshold=37816422 36 272891904 67122320 1048576 100742152
is_linear=0
shrinkage=0.01


Tree=4
num_leaves=63
num_cat=1
split_feature=46 38 0 0 38 42 49 47 51 13 17 30 10 34 47 21 17 42 15 12 54 30 4 12 1 17 24 15 0 30 13 14 16 13 10 49 16 17 29 1 1 47 8 14 12 18 47 1 47 36 0 13 46 48 26 0 42 16 17 12 26 16
split_gain=2075.88 4998.29 5503.06 5221.15 4064.79 3327.42 3306.79 4701.63 3062.41 1814.26 1286.26 1131.83 1065.49 454.918 625.552 1046.71 569.825 365.983 1111.48 1205.74 669.719 339.907 336.443 313.121 739.385 501.079 295.743 274.157 247.338 557.365 696.601 309.835 219.845 190.673 177.979 155.222 154.108 146.452 150.523 230.777 139.425 332.615 242.994 157.239 260.61 390.332 129.17 124.885 112.766 109.553 136.248 96.1885 86.7084 83.6977 84.0108 90.8027 116.982 80.7169 79.7788 78.4992 569.903 345.67
threshold=0.065083453310960673 60.524312457851757 1.5000000000000002 1.0000000180025095e-35 8.0695108807982265 -0.0060226519120655493 -0.21006511345618348 57.231285109425173 0 -0.56174490092936669 1.0000000180025095e-35 2.6023949309236865 -0.5 3.6864383836561383 56.666603380887786 311.59500000000008 1.0000000180025095e-35 0.017829031829372115 -0.62538740722492592 -1.0000000180025095e-35 187.08040849089625 7.3235044772725937 9.5000000000000018 1.0000000180025095e-35 18.500000000000004 1.0000000180025095e-35 152.00500000000002 0.30080866500414766 4.5000000000000009 6.3132099267002202 0.62348980185873359 -0.88606241628642823 1.0000000180025095e-35 -0.56174490092936669 -0.5 -0.043319432944150117 1.0000000180025095e-35 1.0000000180025095e-35 309.66928571428576 11.500000000000002 3.5000000000000004 46.369454691377356 1.0000000180025095e-35 -0.4673548892883575 -0.60785761079279388 79.500000000000014 50.677217664816823 8.5000000000000018 46.369454691377356 215.81000000000003 2.5000000000000004 -1.0000000180025095e-35 -0.063233883710585789 0.26230992650689272 0.98726896031425959 1.0000000180025095e-35 0.0044043136104594425 1.0000000180025095e-35 1.0000000180025095e-35 1.0000000180025095e-35 2.9856127212822745 1.0000000180025095e-35
decision_type=2 2 2 2 2 2 2 2 9 2 2 2 2 2 2 2 2 2 2 2 2 2 2 2 2 2 2 2 2 2 2 2 2 2 2 2 2 2 2 2 2 2 2 2 2 2 2 2 2 2 2 2 2 2 2 2 2 2 2 2 2 2
left_child=8 2 4 -3 26 12 -6 -8 10 -7 28 -9 -5 52 40 -16 -17 21 47 -20 36 59 -11 37 25 -25 -2 -28 29 31 33 -1 -12 -31 -22 -34 -21 38 39 -23 41 42 -15 49 -45 -46 -39 -19 51 -42 -51 -33 58 -54 -55 -56 -57 -30 -10 -4 -61 -62
right_child=1 3 17 5 6 9 7 11 13 22 32 -13 -14 14 15 16 -18 18 19 20 34 23 -24 24 -26 -27 27 -29 57 30 -32 48 35 -35 -36 -37 -38 46 -40 -41 43 -43 -44 44 45 -47 -48 -49 -50 50 -52 -53 53 54 55 56 -58 -59 -60 60 61 -63
leaf_value=0.013566176006225523 0.008783498110188255 -0.15926686196137738 0.0011914630095207358 -0.035226112177082589 0.15041572220775545 -0.036702682880005534 -0.01426496866005143 0.026335909785871137 -0.006211539266349553 0.068368291539885981 -0.073419220360560658 0.091355603759521231 -0.10654065663354438 0.0083624799251467985 -0.0095917309889546973 -0.099716202010101868 -0.033297924620279092 0.006082654469877693 -0.00048701191069593677 0.0027333555315151685 0.082845480179474226 0.030129582847322898 0.02236289963837116 -0.068983941920186295 0.011104365741898912 -0.012716450337065411 0.052215175659815122 0.012288397762987933 0.0084655116042642847 -0.036393398676680101 -0.079582523099363658 -0.017783037106706298 -0.030491457177746682 -0.012451874831009633 0.047461107200573366 -0.063073466592837898 0.034385904480220261 0.0067765054647700119 -0.0075763524351901267 -0.0057616330124437808 -0.0027431114991968049 0.03485842149565864 -0.026937656232968291 0.0031962133352378126 -0.05318431396171585 -0.0097765083607436309 -0.017030609296277505 -0.017894097926181213 -0.030302503715307193 0.02385187039929397 0.00030401639623116257 0.0035292412980626794 0.0010128225505291349 -0.00014049001294091213 -0.019139443940414495 0.00071973098504310527 -0.01229080790711819 -0.010119778206528212 0.0011687189033053624 0.0011660815570964189 0.0095042053376694757 0.054342806976988331
leaf_weight=43 260 30 565 55 39 36 76 33 380 42 44 147 34 63 195 21 34 28 105 24 37 42 26 35 40 29 34 35 32 74 29 66 37 61 25 25 43 32 50 31 218 32 28 150 22 315 78 95 44 41 61 31 5890 768 46 188 109 85 238 301 33 36
leaf_count=43 260 30 565 55 39 36 76 33 380 42 44 147 34 63 195 21 34 28 105 24 37 42 26 35 40 29 34 35 32 74 29 66 37 61 25 25 43 32 50 31 218 32 28 150 22 315 78 95 44 41 61 31 5890 768 46 188 109 85 238 301 33 36
internal_value=6.91362e-06 0.00815004 0.0126211 -0.0369898 0.0378676 -0.0178352 0.0648093 0.0516585 -0.00214496 0.0205606 -0.0243766 0.0794806 -0.0626533 -0.000673225 -0.00645119 -0.0204879 -0.0589361 0.0029464 0.0118905 0.0246766 0.0451315 0.000434295 0.0509025 -0.00817283 -0.0225831 -0.0436146 0.013684 0.0320637 -0.017621 -0.0218486 -0.0352452 -0.00988022 -0.0562134 -0.0256135 0.0687841 -0.043798 0.023097 -0.00172478 0.00576601 0.0149072 -0.00267374 0.00723464 -0.00252887 -0.00418598 -0.00776309 -0.0126416 -0.0101006 -0.0124309 -0.0170432 0.00125783 0.00980238 -0.0109735 0.000220839 0.000537887 -0.00197927 -0.0060925 -0.00405856 -0.00502658 -0.00336904 0.00353816 0.0071177 0.0329949
internal_weight=11846 2476 2253 223 624 193 295 256 9370 104 571 180 89 8799 1180 250 55 1629 357 234 129 1272 68 337 104 64 329 69 465 348 164 184 106 135 62 62 67 233 123 73 930 123 91 807 487 337 110 123 141 320 102 97 7619 7001 1111 343 297 117 618 935 370 69
internal_count=11846 2476 2253 223 624 193 295 256 9370 104 571 180 89 8799 1180 250 55 1629 357 234 129 1272 68 337 104 64 329 69 465 348 164 184 106 135 62 62 67 233 123 73 930 123 91 807 487 337 110 123 141 320 102 97 7619 7001 1111 343 297 117 618 935 370 69
cat_boundaries=0 2
cat_threshold=33620006 1024
is_linear=0
shrinkage=0.01


Tree=5
num_leaves=63
num_cat=5
split_feature=46 51 26 40 52 7 13 28 13 28 5 48 51 7 13 46 12 41 44 3 7 13 51 24 1 34 54 1 34 13 7 47 9 34 48 38 3 44 48 12 44 3 13 44 8 7 18 23 3 44 22 21 24 53 27 7 7 15 7 13 30 24
split_gain=2157.28 3034.36 2916.62 2098.45 2514.88 2696.51 4227.69 1750.04 1273.18 1206.57 1181.94 2971.01 1195.03 876.171 1932.28 827.532 737.672 1997 632.175 988.688 775.741 616.762 609.682 534.528 443.121 714.274 595.956 419.307 366.206 332.735 576.513 986.797 364.221 384.111 330.665 419.6 316.499 286.619 265.509 257.838 254.163 252.63 234.135 233.825 232.415 219.174 192.682 168.454 511.812 160.525 296.959 150.249 132.574 150.195 131.048 164.09 117.885 106.099 97.9569 102.809 91.1851 90.4593
threshold=0.045705698720465933 0 14.501565932596653 424.91000000000003 1 1.0000000180025095e-35 -0.56174490092936669 347.06000000000006 -1.0000000180025095e-35 204.01500000000001 2.5000000000000004 3.2738879571700186 2 1.0000000180025095e-35 0.62348980185873359 -0.16864166413597478 0.6078576107927941 0.1575494725395345 0.017280961858801392 43.500000000000007 1.0000000180025095e-35 -0.56174490092936669 3 310.56500000000005 6.5000000000000009 10.734564453193384 210.3571351373196 16.500000000000004 1.6691980797979198 1.0000000180025095e-35 1.0000000180025095e-35 88.341429475541631 1.0000000180025095e-35 3.4342619607533824 -0.022863873041949919 5.4149894120267712 37.500000000000007 0.00132567394893985 -0.19244765750908496 -1.0000000180025095e-35 -0.0032427425109222215 39.500000000000007 -0.56174490092936669 -0.0036149212233550217 1.0000000180025095e-35 1.0000000180025095e-35 146.50000000000003 297.77500000000003 48.500000000000007 0.0036635579425251322 312.4070000000001 182.34000000000003 123.16500000000002 4 104.68000000000002 1.0000000180025095e-35 1.0000000180025095e-35 -0.51235243343851777 1.0000000180025095e-35 1.0000000180025095e-35 5.1110548776412577 107.31500000000001
decision_type=2 9 2 2 9 2 2 2 2 2 2 2 9 2 2 2 2 2 2 2 2 2 9 2 2 2 2 2 2 2 2 2 2 2 2 2 2 2 2 2 2 2 2 2 2 2 2 2 2 2 2 2 2 1 2 2 2 2 2 2 2 2
left_child=1 7 22 4 5 6 -2 9 -8 36 11 -5 13 14 27 -11 24 23 19 -14 21 -20 41 28 25 60 -27 -12 -18 32 31 37 47 -34 35 -30 43 -31 42 -21 -17 44 -38 -1 52 -44 61 -26 -49 -24 -51 -36 -3 -54 -55 57 -42 -56 59 -52 -6 -39
right_child=3 2 -4 10 16 -7 8 -9 -10 15 12 -13 18 -15 -16 40 17 -19 20 39 -22 -23 49 -25 29 26 -28 -29 34 30 -32 -33 33 -35 51 -37 38 46 -40 -41 56 -43 45 -45 -46 -47 -48 48 -50 50 58 -53 53 54 55 -57 -58 -59 -60 -61 -62 -63
leaf_value=-0.0060378722448287334 -0.0074422922119116173 -0.0069392455612175231 -0.10662703874570723 0.0033005891856737429 0.0047825026851605118 -0.016070728602597891 0.074542773162137782 -0.10266924541575689 0.17361207383278326 -0.089400013661121616 0.0022467391187487875 -0.1142026115481251 -0.049361517362713069 0.0095579094838017849 -0.12965814662156719 -0.024210898521488677 0.0021680028781532273 0.098922932094081928 0.016728118294773026 -0.005530400855311788 -0.011136763302524014 0.084357205080107231 0.001038744405834364 0.051670077139435451 0.00086600844377227222 0.0055211430733256486 0.06496427179108151 -0.040836017679170784 0.0052164826797290653 -0.00032570937953340978 -0.0019886861610101982 0.069124041219867469 0.0010365679867666317 -0.056666039905149089 0.017813225135611597 0.058379403650773265 -0.01268530941435269 0.021838394579623478 -0.02072107916142767 0.034577766495319649 -0.057010034012578724 -0.0024895559047840221 0.039860151044571593 -0.032475937141717724 -0.044898670952556272 0.0038927366033844318 0.010356972699507779 0.0097161573060622359 -0.054016683826575415 -0.0010413992942307788 -0.010665808254136488 0.0034574417967859752 -0.0014671693017288784 -0.0075530560197991413 -0.016400962245934611 -0.010015244336226286 -0.027723376086016872 -0.039683206497282429 -0.0036311621161092536 -0.028476613869987961 0.022339379721217686 0.045890009801070664
leaf_weight=81 31 326 26 51 222 36 21 28 36 27 41 37 32 49 20 163 272 28 24 27 26 31 5146 34 764 27 45 50 24 118 296 33 22 24 230 39 25 33 30 39 44 459 36 57 21 32 81 29 22 1784 70 107 52 56 28 46 21 69 61 61 34 31
leaf_count=81 31 326 26 51 222 36 21 28 36 27 41 37 32 49 20 163 272 28 24 27 26 31 5146 34 764 27 45 50 24 118 296 33 22 24 230 39 25 33 30 39 44 459 36 57 21 32 81 29 22 1784 70 107 52 56 28 46 21 69 61 61 34 31
internal_value=-0.000290161 -0.00281976 -0.00128498 0.00692774 0.0102557 0.052538 0.0865404 -0.025467 0.13751 -0.021732 -0.0136342 -0.0462454 -0.005145 -0.0241231 -0.0411555 -0.0371943 0.00792641 0.0163931 0.0124739 -0.00391466 0.0338052 0.0550229 -0.000949018 0.0130922 0.00447981 0.0149748 0.0427571 -0.0214573 0.0111248 0.00210859 0.00787852 0.0177421 -0.00185899 -0.0291733 0.01721 0.0382154 -0.00660628 0.0112454 0.00505144 0.0181952 -0.0309369 -0.00799709 0.0133971 -0.0169928 -0.0123551 0.0230027 0.0206528 -0.00030993 -0.0178703 0.000108212 -0.00231419 0.0132614 -0.0111546 -0.0166177 -0.0205686 -0.0256445 -0.0476699 -0.0330153 -0.0141245 -0.018994 0.00713185 0.0336029
internal_weight=11815 8749 8205 3066 2639 124 88 544 57 516 427 88 339 160 111 255 2515 734 179 98 81 55 8179 706 1781 328 72 91 672 1453 592 296 861 46 400 63 261 263 123 66 228 1057 93 138 598 68 145 815 51 7122 1976 337 577 251 199 143 65 97 192 131 256 64
internal_count=11815 8749 8205 3066 2639 124 88 544 57 516 427 88 339 160 111 255 2515 734 179 98 81 55 8179 706 1781 328 72 91 672 1453 592 296 861 46 400 63 261 263 123 66 228 1057 93 138 598 68 145 815 51 7122 1976 337 577 251 199 143 65 97 192 131 256 64
cat_boundaries=0 1 2 3 5 6
cat_threshold=33620130 272891904 33554464 14596 74915 1
is_linear=0
shrinkage=0.01


end of trees

feature_importances:
price_pct_change_7d=25
day_of_month=24
dow_cos=24
day_of_week=22
dow_sin=21
is_wet_season=21
is_weekend=18
price_rsi_14d=14
price_macd=14
product_name_encoded=13
week_of_year=11
is_christmas_season=11
price_pct_change_1d=11
price_rolling_std_3d=10
price_deviation_from_mean=10
price_macd_signal=10
day_of_year=8
days_since_start=8
price_rolling_std_14d=8
price_rolling_std_7d=7
month_cos=5
price_lag_7d=5
price_lag_30d=5
price_rolling_std_30d=5
month_sin=4
doy_sin=4
doy_cos=4
price_rolling_max_3d=4
price_rolling_max_14d=4
price_rolling_mean_30d=4
month=3
is_month_end=3
price_lag_3d=3
price_rolling_mean_3d=3
price_volatility_14d=3
product_variant_encoded=3
is_month_start=2
price_rolling_mean_7d=2
price_rolling_max_7d=2
price_rolling_min_30d=2
lstm_prediction=2
quarter=1
price_lag_2d=1
price_lag_14d=1
price_rolling_min_3d=1
price_rolling_mean_14d=1
price_rolling_min_14d=1
price_rolling_max_30d=1
price_expanding_mean=1
product_category_encoded=1
origin_encoded=1

parameters:
[boosting: gbdt]
[objective: regression]
[metric: rmse,l1]
[tree_learner: serial]
[device_type: cpu]
[data_sample_strategy: bagging]
[data: ]
[valid: ]
[num_iterations: 1500]
[learning_rate: 0.01]
[num_leaves: 63]
[num_threads: 0]
[seed: 0]
[deterministic: 0]
[force_col_wise: 0]
[force_row_wise: 0]
[histogram_pool_size: -1]
[max_depth: -1]
[min_data_in_leaf: 20]
[min_sum_hessian_in_leaf: 0.001]
[bagging_fraction: 0.8]
[pos_bagging_fraction: 1]
[neg_bagging_fraction: 1]
[bagging_freq: 5]
[bagging_seed: 3]
[bagging_by_query: 0]
[feature_fraction: 0.8]
[feature_fraction_bynode: 1]
[feature_fraction_seed: 2]
[extra_trees: 1]
[extra_seed: 6]
[early_stopping_round: 0]
[early_stopping_min_delta: 0]
[first_metric_only: 0]
[max_delta_step: 0]
[lambda_l1: 0.05]
[lambda_l2: 0.2]
[linear_lambda: 0]
[min_gain_to_split: 0]
[drop_rate: 0.1]
[max_drop: 50]
[skip_drop: 0.5]
[xgboost_dart_mode: 0]
[uniform_drop: 0]
[drop_seed: 4]
[top_rate: 0.2]
[other_rate: 0.1]
[min_data_per_group: 100]
[max_cat_threshold: 32]
[cat_l2: 10]
[cat_smooth: 10]
[max_cat_to_onehot: 4]
[top_k: 20]
[monotone_constraints: ]
[monotone_constraints_method: basic]
[monotone_penalty: 0]
[feature_contri: ]
[forcedsplits_filename: ]
[refit_decay_rate: 0.9]
[cegb_tradeoff: 1]
[cegb_penalty_split: 0]
[cegb_penalty_feature_lazy: ]
[cegb_penalty_feature_coupled: ]
[path_smooth: 0]
[interaction_constraints: ]
[verbosity: -1]
[saved_feature_importance_type: 0]
[use_quantized_grad: 0]
[num_grad_quant_bins: 4]
[quant_train_renew_leaf: 0]
[stochastic_rounding: 1]
[linear_tree: 0]
[max_bin: 255]
[max_bin_by_feature: ]
[min_data_in_bin: 3]
[bin_construct_sample_cnt: 200000]
[data_random_seed: 1]
[is_enable_sparse: 1]
[enable_bundle: 1]
[use_missing: 1]
[zero_as_missing: 0]
[feature_pre_filter: 1]
[pre_partition: 0]
[two_round: 0]
[header: 0]
[label_column: ]
[weight_column: ]
[group_column: ]
[ignore_column: ]
[categorical_feature: 50,51,52,53]
[forcedbins_filename: ]
[precise_float_parser: 0]
[parser_config_file: ]
[objective_seed: 5]
[num_class: 1]
[is_unbalance: 0]
[scale_pos_weight: 1]
[sigmoid: 1]
[boost_from_average: 1]
[reg_sqrt: 0]
[alpha: 0.9]
[fair_c: 1]
[poisson_max_delta_step: 0.7]
[tweedie_variance_power: 1.5]
[lambdarank_truncation_level: 30]
[lambdarank_norm: 1]
[label_gain: ]
[lambdarank_position_bias_regularization: 0]
[eval_at: ]
[multi_error_top_k: 1]
[auc_mu_weights: ]
[num_machines: 1]
[local_listen_port: 12400]
[time_out: 120]
[machine_list_filename: ]
[machines: ]
[gpu_platform_id: -1]
[gpu_device_id: -1]
[gpu_use_dp: 0]
[num_gpu: 1]

end of parameters

pandas_categorical:[]
